直線上の点生成と誤差付加
N = 100, σ² = 0.25

最初の10点の結果:
α    理想座標           誤差付き座標
1   (-10.000, -13.000)   (-10.275, -12.742)
2   (-9.798, -12.697)   (-9.561, -12.013)
3   (-9.596, -12.394)   (-10.054, -12.456)
4   (-9.394, -12.091)   (-10.399, -12.337)
5   (-9.192, -11.788)   (-8.996, -12.252)
6   (-8.990, -11.485)   (-8.950, -11.565)
7   (-8.788, -11.182)   (-8.777, -11.396)
8   (-8.586, -10.879)   (-8.852, -10.938)
9   (-8.384, -10.576)   (-8.273, -10.960)
10   (-8.182, -10.273)   (-8.111, -10.290)

直線方程式の確認 (3x - 2y + 4 = 0):
点1: 0.000
点2: 0.000
点3: 0.000
点4: 0.000
点5: 0.000